7458
923
8390
1747
5608
8180
261
6613
7774
1591
209
3565
6463
7859
6172
1962
2796
9195
9486
2992
2760
646
1773
8807
2010
5707
779
9127
1034
17
6664
1179
7196
7999
8299
6585
157
1430
5636
1825
1844
414
9808
4762
855
5371
4825
2344
6396
3546
4085
8441
5110
2695
7927
1424
9253
1381
5283
5374
3083
8678
888
8506
9215
8672
7255
3796
5515
7683
9589
2028
516
1117
1871
5443
6577
7363
4174
4086
6336
1694
6549
9201
7061
5409
7819
122
2401
7313
130
5886
2277
3141
106
3212
3501
484
4101
6279
1338
6326
5730
8987
5028
6350
5116
321
2359
815
1795
3792
6676
8016
2829
1883
3104
952
3381
3733
2182
9656
9796
4062
6733
5737
7214
4260
4403
914
3851
8903
1514
222
3335
66
2400
3440
9682
9281
9900
6017
7157
4276
2473
9760
6164
6545
9074
6665
4331
1661
8779
7050
3264
653
5364
4311
8966
491
7545
3781
6517
9681
6809
6000
3348
615
8313
1322
8542
2245
6490
6251
8599
2442
7974
8842
889
1675
3863
4673
234
6538
7166
8401
9638
3463
7287
8541
8082
8230
7220
805
442
9279
2263
5075
7910
6526
1232
3518
3604
7324
2362
505
7432
5925
6457
9566
5801
2889
1880
6633
7686
2522
5527
9401
3389
6021
8652
7197
2395
3998
9756
2157
9261
8118
2566
8770
1523
9184
2296
9221
113
7546
4001
8358
4149
6486
7400
2528
8928
3465
5854
5779
1613
6628
4233
7503
5565
8273
1221
1594
3468
4939
3113
673
4225
8876
4749
778
7991
9922
7248
5318
135
5794
8744
9640
9113
2131
9388
795
2756
1098
3482
7864
7885
1518
2698
182
7125
384
7959
8482
5516
6745
1248
3805
9414
8434
6876
5595
4777
4616
7122
8497
7327
3054
6151
2144
8921
3162
8257
9052
7599
2849
7420
9483
3151
4751
8107
4041
588
2053
7210
7580
8458
6677
2258
1364
5727
722
2606
4944
1549
132
4584
2575
4316
267
4303
6731
4809
1339
792
4373
2393
9442
9041
7019
7635
4942
7726
6231
4392
3177
3142
3859
1767
535
4200
1312
5166
3252
650
9348
8648
5423
4688
6177
2763
3879
1460
7452
3823
7501
5336
5883
6147
2812
4816
9087
5561
8034
5796
9091
7089
596
22
169
1731
6154
8695
5860
7709
3009
881
6344
3712
3218
2151
3262
2647
3646
3980
2716
38
4379
6899
2438
9614
9252
6238
5062
3710
5393
7174
6448
9891
3472
8035
9764
3489
7456
9646
3516
4605
4227
3511
8116
8328
1574
1204
3063
6114
4520
480
2998
3462
8905
5319
8655
4729
5597
9737
3910
7776
1138
8589
4231
6629
8196
6928
4330
380
4768
5750
4530
8748
8394
8650
7009
2709
8405
3276
437
3204
1069
9435
7309
4550
4839
9872
9141
5684
1517
3285
6235
7913
8236
1114
6578
4782
7855
5367
4683
7040
7339
6751
7982
7021
1714
684
3782
958
140
6539
9305
965
5351
4653
3106
3095
2734
5947
8360
1958
1062
